-85
-85.001
-85.002
-85.0029
-85.0038
-85.0047
-85.0056
-85.0064
-85.0072
-85.008
-85.0088
-85.0095
-85.0102
-85.0109
-85.0116
-85.0123
-85.0129
-85.0135
-85.0141
-85.0147
-85.0153
-85.0158
-85.0163
-85.0169
-85.0174
-85.0179
-85.0183
-85.0188
-85.0192
-83.3554
-80.3831
-76.4565
-71.8996
-66.9887
-61.9354
-56.8483
-51.6179
-45.6046
-36.8327
-20.1839
11.5667
38.3691
45.0279
44.2378
40.7833
35.6113
29.1497
21.8275
14.0542
6.1555
-1.65299
-9.2604
-16.6406
-23.8389
-30.985
-38.3603
-46.4953
-56.095
-67.1009
-76.5827
-81.7669
-84.1109
-85.1489
-85.5886
-85.7432
-85.7564
-85.6965
-85.5973
-85.476
-85.3421
-85.2008
-85.0549
-84.9066
-84.7571
-84.6072
-84.5876
-84.6582
-84.789
-84.958
-85.149
-85.3508
-85.5556
-85.7583
-85.9553
-86.1069
-86.2171
-86.2994
-86.3629
-86.4139
-86.4564
-86.4933
-86.5267
-86.5578
-86.5875
-86.6166
-86.6454
-86.6743
-86.7032
-86.7325
-86.762
-86.7919
-86.822
-86.8523
-86.8828
-86.9134
-86.9441
-86.9747
-87.0052
-87.0356
-87.0657
-87.0956
-87.1251
-87.1541
-87.1828
-87.2109
-87.2385
-87.2655
-87.2919
-87.3176
-87.3427
-87.367
-87.3906
-87.4135
-87.4356
-87.4569
-87.4774
-87.4971
-87.5161
-87.5342
-87.5515
-87.5679
-87.5836
-87.5984
-87.6125
-87.6257
-87.6381
-87.6498
-87.6606
-87.6707
-87.68
-87.6885
-87.6963
-87.7033
-87.7096
-87.7152
-87.7201
-87.7243
-87.7278
-87.7306
-87.7328
-87.7343
-87.7352
-87.7354
-87.7351
-87.7342
-87.7327
-87.7306
-87.7279
-87.7247
-87.721
-87.7168
-87.712
-87.7068
-87.7011
-87.6949
-87.6883
-87.6812
-87.6737
-87.6657
-87.6574
-87.6486
-87.6395
-87.63
-87.6201
-87.6099
-87.5993
-87.5884
-87.5772
-87.5657
-87.5539
-87.5417
-87.5293
-87.5166
-87.5037
-87.4905
-87.4771
-87.4634
-87.4495
-87.4354
-87.421
-87.4065
-87.3918
-87.3769
-87.3618
-87.3466
-87.3311
-87.3156
-87.2999
-87.284
-87.268
-87.2519
-87.2357
-87.2204
-87.2832
-87.4069
-87.5729
-87.7642
-87.9661
-88.1671
-88.359
-88.5363
-88.696
-88.8249
-88.9255
-89.0037
-89.0643
-89.111
-89.1465
-89.1732
-89.1927
-89.2066
-89.2158
-89.2212
-89.2236
-89.2235
-89.2214
-89.2175
-89.2122
-89.2057
-89.1982
-89.1899
-89.1808
-89.1711
-89.1608
-89.1501
-89.1389
-89.1273
-89.1154
-89.1037
-89.0916
-89.0791
-89.0663
-89.0533
-89.04
-89.0265
-89.0127
-88.9987
-88.9846
-88.9702
-88.9557
-88.9409
-88.9279
-88.9377
-88.965
-89.0042
-89.0509
-89.1011
-89.152
-89.2015
-89.2481
-89.2911
-89.3248
-89.3489
-89.3656
-89.3765
-89.3829
-89.3859
-89.3862
-89.3843
-89.3807
-89.3757
-89.3696
-89.3626
-89.3549
-89.3465
-89.3376
-89.3283
-89.3186
-89.3085
-89.2981
-89.2875
-89.2766
-89.2656
-89.2542
-89.2427
-89.231
-89.2192
-89.2071
-89.1949
-89.1825
-89.17
-89.1573
-89.1444
-89.1314
-89.1182
-89.1049
-89.0915
-89.0778
-89.0641
-89.0502
-89.0361
-89.0219
-89.0075
-88.9931
-88.9784
-88.9655
-88.9743
-88.9996
-89.0362
-89.0798
-89.1269
-89.1747
-89.2211
-89.265
-89.3054
-89.3372
-89.3597
-89.375
-89.3849
-89.3906
-89.3929
-89.3927
-89.3904
-89.3865
-89.3812
-89.375
-89.3678
-89.36
-89.3515
-89.3426
-89.3332
-89.3235
-89.3134
-89.3031
-89.2925
-89.2816
-89.2705
-89.2593
-89.2478
-89.2361
-89.2243
-89.2123
-89.2001
-89.1878
-89.1753
-89.1627
-89.1499
-89.1369
-89.1238
-89.1105
-89.0971
-89.0836
-89.0699
-89.056
-89.042
-89.0279
-89.0136
-88.9991
-88.9864
-88.9948
-89.019
-89.0542
-89.0962
-89.1416
-89.1876
-89.2324
-89.2747
-89.3137
-89.3491
-89.3742
-89.3915
-89.4027
-89.4094
-89.4125
-89.4128
-89.411
-89.4074
-89.4025
-89.3965
-89.3897
-89.3821
-89.3739
-89.3652
-89.3561
-89.3466
-89.3368
-89.3267
-89.3164
-89.3058
-89.295
-89.284
-89.2728
-89.2614
-89.2499
-89.2382
-89.2263
-89.2143
-89.2021
-89.1897
-89.1772
-89.1645
-89.1517
-89.1388
-89.1257
-89.1124
-89.099
-89.0855
-89.0718
-89.0579
-89.0439
-89.0298
-89.0174
-89.0251
-89.0478
-89.081
-89.1206
-89.1633
-89.2068
-89.2491
-89.2891
-89.3261
-89.3596
-89.3832
-89.3994
-89.4097
-89.4157
-89.4182
-89.4181
-89.4159
-89.4121
-89.407
-89.4009
-89.3939
-89.3862
-89.3779
-89.3692
-89.3601
-89.3506
-89.3408
-89.3307
-89.3203
-89.3098
-89.299
-89.288
-89.2769
-89.2656
-89.254
-89.2424
-89.2305
-89.2185
-89.2064
-89.1941
-89.1816
-89.169
-89.1562
-89.1433
-89.1303
-89.1171
-89.1037
-89.0902
-89.0766
-89.0628
-89.0488
-89.0347
-89.0224
-89.0299
-89.0524
-89.0853
-89.1245
-89.1669
-89.2099
-89.2518
-89.2914
-89.3281
-89.3613
-89.3847
-89.4006
-89.4109
-89.4167
-89.4191
-89.419
-89.4167
-89.4129
-89.4077
-89.4016
-89.3946
-89.3869
-89.3786
-89.3699
-89.3607
-89.3512
-89.3414
-89.3313
-89.321
-89.3104
-89.2997
-89.2887
-89.2776
-89.2662
-89.2547
-89.2431
-89.2312
-89.2192
-89.2071
-89.1948
-89.1823
-89.1697
-89.157
-89.1441
-89.131
-89.1178
-89.1045
-89.091
-89.0773
-89.0636
-89.0496
-89.0356
-89.0213
-89.0088
-89.0167
-89.0398
-89.0736
-89.1138
-89.1573
-89.2015
-87.8059
-85.5345
-82.8338
-80.0253
-77.1938
-74.4564
-71.8796
-69.494
-67.306
-65.3051
-64.0227
-63.2242
-62.7545
-62.5156
-62.4461
-62.5081
-62.6769
-62.9352
-63.2697
-63.6676
-64.1177
-64.6092
-65.1314
-65.6749
-66.2309
-66.7922
-67.3529
-67.9084
-68.4555
-68.9917
-69.5156
-70.0261
-70.523
-71.0062
-71.4757
-71.9317
-72.3748
-72.8052
-73.2233
-73.6296
-74.0244
-74.4082
-74.7813
-75.144
-75.4968
-75.8398
-76.1994
-76.8153
-77.5994
-78.4773
-79.3902
-80.2945
-81.1602
-81.9685
-82.7092
-83.3787
-83.9777
-84.4529
-84.8351
-85.1468
-85.4049
-85.6218
-85.8068
-85.9669
-86.1075
-86.2324
-86.3448
-86.4469
-86.5172
-85.2012
-82.9795
-80.2278
-77.2238
-74.1631
-71.1747
-68.3368
-65.6873
-63.2329
-60.9523
-59.326
-58.1049
-57.1125
-56.225
-55.3514
-54.4133
-53.3234
-51.9583
-50.1129
-47.394
-42.9773
-34.9897
-19.3691
7.19454
30.3534
37.6321
36.5337
31.9912
25.6606
18.3204
10.494
2.54458
-5.30709
-12.9605
-20.4096
-27.739
-35.1587
-43.1082
-52.3148
-63.3142
-74.3506
-81.3832
-84.679
-86.1785
-86.8644
-87.1695
-87.2896
-87.3164
-87.2947
-87.247
-87.185
-87.1153
-87.0415
-86.9656
-86.8891
-86.8127
-86.7372
-86.6629
-86.5531
-85.1521
-82.9213
-80.1959
-77.2173
-74.1582
-71.1401
-68.2462
-65.5292
-63.017
-60.7141
-59.1251
-58.0272
-57.2622
-56.7249
-56.3522
-56.11
-55.9837
-55.9706
-56.0743
-56.3027
-56.6645
-57.168
-57.8168
-58.6056
-59.5179
-60.5264
-61.5945
-62.6816
-63.7494
-64.7676
-65.7162
-66.5855
-67.3737
-68.0846
-68.7245
-69.3012
-69.8226
-70.296
-70.7281
-71.1249
-71.4915
-71.8322
-72.1508
-72.4504
-72.7337
-73.003
-73.2601
-73.5067
-73.7442
-73.9736
-74.196
-74.4122
-74.6229
-74.8286
-75.0299
-75.2272
-75.3778
-74.1996
-72.0298
-69.1766
-65.9033
-62.4201
-58.8717
-55.3141
-51.6648
-47.609
-42.3991
-34.6801
-20.8296
2.64082
25.744
34.5235
33.569
28.3582
21.1888
13.1464
4.85341
-3.33708
-11.2606
-18.8817
-26.2611
-33.5704
-41.1614
-49.6228
-59.5169
-70.0312
-77.8737
-81.8984
-83.7604
-84.6056
-84.9646
-85.0826
-85.0766
-85.0046
-84.8964
-84.7677
-84.6274
-84.4806
-84.3304
-84.1786
-84.0268
-83.8758
-83.7265
-83.5793
-83.4349
-83.2936
-83.1558
-83.0219
-82.8922
-82.7669
-82.6463
-82.4815
-80.9622
-78.4852
-75.3823
-71.9216
-68.3154
-64.724
-61.2585
-57.9733
-54.85
-51.7675
-48.9052
-45.6376
-41.0677
-33.6061
-20.3843
0.652076
20.9679
29.1767
28.0816
22.6041
15.2216
7.12527
-1.07583
-9.09053
-16.8189
-24.2837
-31.6175
-39.116
-47.3139
-56.8624
-67.5243
-76.4397
-81.3696
-83.6896
-84.7627
-85.2411
-85.4258
-85.4597
-85.4134
-85.3229
-85.2073
-85.0771
-84.9383
-84.7945
-84.648
-84.5003
-84.3526
-84.2055
-84.0597
-83.9159
-83.7743
-83.6355
-83.4998
-83.3165
-81.7983
-79.3526
-76.3091
-72.9289
-69.4152
-65.9216
-62.5568
-59.3828
-56.4056
-53.5587
-51.1465
-48.7406
-45.8477
-41.7588
-35.1987
-23.8196
-5.25235
15.3546
26.087
26.6164
21.8347
14.7039
6.67455
-1.52879
-9.56643
-17.3203
-24.8093
-32.1713
-39.7174
-48.0022
-57.6605
-68.3061
-76.9387
-81.6291
-83.8467
-84.8811
-85.3465
-85.5283
-85.5634
-85.5196
-85.4321
-85.3195
-85.1921
-85.0559
-84.9146
-84.7704
-84.6247
-84.4788
-84.3334
-84.1892
-84.0466
-83.9061
-83.7682
-83.6333
-83.4526
-81.9252
-79.4583
-76.3834
-72.9641
-69.4064
-65.8665
-62.4552
-59.2356
-56.2127
-53.3148
-50.8319
-48.3119
-45.216
-40.7405
-33.4131
-20.6236
-0.632064
18.8775
27.1723
26.2432
20.7969
13.392
5.2801
-2.91372
-10.904
-18.6038
-26.054
-33.4149
-41.0373
-49.5119
-59.4191
-69.9968
-77.9703
-82.1161
-84.0657
-84.9716
-85.373
-85.5215
-85.5384
-85.4842
-85.3903
-85.2736
-85.1433
-85.0051
-84.8621
-84.7165
-84.5697
-84.4227
-84.2764
-84.1313
-83.988
-83.847
-83.7085
-83.5221
-82.0029
-79.5607
-76.5247
-73.1546
-69.6523
-66.17
-62.8162
-59.6544
-56.6947
-53.8791
-51.531
-49.2463
-46.5807
-42.9265
-37.2319
-27.5124
-11.0964
9.90289
23.8259
26.6418
22.9353
16.2505
8.36399
0.159613
-7.93822
-15.7652
-23.3128
-30.6916
-38.1703
-46.2525
-55.5997
-66.192
-75.5189
-80.9334
-83.5237
-84.7378
-85.2927
-85.5208
-85.5809
-85.5511
-85.4718
-85.3641
-85.2398
-85.1055
-84.9654
-84.8218
-84.6765
-84.5307
-84.3851
-84.2405
-84.0974
-83.9563
-83.8177
-83.6818
-83.549
-83.4196
-83.294
-83.1723
-83.0547
-82.9416
-82.8329
-82.729
-82.6298
-82.5356
-82.4464
-82.3622
-82.2831
-82.2091
-82.1402
-82.0764
-82.0177
-81.9639
-81.915
-81.871
-81.8317
-81.7971
-81.7669
-81.7413
-81.7198
-81.7026
-81.6894
-81.68
-81.6743
-81.6723
-81.6736
-81.6782
-81.686
-81.6967
-81.7102
-81.7264
-81.7452
-81.7663
-81.7896
-81.8151
-81.8425
-81.8717
-81.9026
-81.9351
-81.9691
-82.0044
-82.0409
-82.0785
-82.1172
-82.1567
-82.1971
-82.2382
-82.2799
-82.3221
-82.3648
-82.4079
-82.4514
-82.495
-82.5389
-82.5828
-82.6268
-82.6709
-82.7148
-82.7587
-82.8024
-82.846
-82.8893
-82.9324
-82.9751
-83.0175
-83.0596
-83.1013
-83.1425
-83.1833
-83.2237
-83.2636
-83.303
-83.3419
-83.3802
-83.418
-83.4553
-83.492
-83.5282
-83.5637
-83.5987
-83.6331
-83.6669
-83.7002
-83.7328
-83.7648
-83.7963
-83.8271
-83.8574
-83.8871
-83.9162
-84.1248
-84.4711
-84.9105
-85.4018
-85.91
-86.4079
-86.8764
-87.3034
-87.6827
-88.0127
-88.272
-88.4762
-88.637
-88.7637
-88.8635
-88.9418
-89.0031
-89.0507
-89.0874
-89.1154
-89.1362
-89.1513
-89.1616
-89.1682
-89.1715
-89.1723
-89.1709
-89.1677
-89.163
-89.1571
-89.15
-89.1421
-89.1333
-89.1238
-89.1138
-89.1032
-89.0922
-89.0807
-89.0689
-89.0567
-89.0442
-89.0314
-89.0184
-89.0051
-88.9916
-88.9778
-88.9638
-88.9497
-88.9353
-88.9207
-88.906
-88.8911
-88.876
-88.8608
-88.8453
-88.8298
-88.814
-88.7981
-88.7821
-88.7659
-88.75
-88.734
-88.7177
-88.7012
-88.6845
-88.6677
-88.6507
-88.6335
-88.6179
-88.6354
-88.6783
-88.7391
-88.8107
-88.8874
-88.9648
-89.0397
-89.1098
-89.1739
-89.2315
-89.2741
-89.3052
-89.3274
-89.3428
-89.3528
-89.3586
-89.3611
-89.361
-89.3588
-89.355
-89.3497
-89.3434
-89.3362
-89.3283
-89.3197
-89.3105
-89.301
-89.291
-89.2807
-89.27
-89.2591
-89.248
-89.2366
-89.225
-89.2132
-89.2011
-89.1889
-89.1766
-89.164
-89.1513
-89.1384
-89.1254
-89.1122
-89.0989
-89.0853
-89.0717
-89.0579
-89.0439
-89.0298
-89.0155
-89.0011
-88.9866
-88.9719
-88.9571
-88.9421
-88.927
-88.9117
-88.8963
-88.8807
-88.865
-88.851
-88.8625
-88.8934
-88.9378
-88.9904
-89.0471
-89.1045
-89.1603
-89.2127
-89.2609
-89.3044
-89.3359
-89.3582
-89.3735
-89.3833
-89.3889
-89.3912
-89.3909
-89.3886
-89.3846
-89.3794
-89.3731
-89.3659
-89.358
-89.3496
-89.3406
-89.3312
-89.3215
-89.3114
-89.301
-89.2904
-89.2795
-89.2684
-89.2571
-89.2456
-89.234
-89.2221
-89.2101
-89.1979
-89.1855
-89.173
-89.1603
-89.1475
-89.1345
-89.1214
-89.1081
-89.0947
-89.0811
-89.0674
-89.0535
-89.0394
-89.0253
-89.011
-88.9965
-88.9819
-88.9671
-88.9522
-88.9372
-88.9239
-88.9336
-88.9609
-89.0003
-89.0473
-89.0978
-89.1491
-89.1989
-89.2458
-89.2891
-89.3282
-89.3563
-89.3759
-89.389
-89.3971
-89.4013
-89.4025
-89.4014
-89.3984
-89.394
-89.3883
-89.3817
-89.3743
-89.3662
-89.3576
-89.3486
-89.3391
-89.3293
-89.3193
-89.3089
-89.2983
-89.2874
-89.2764
-89.2652
-89.2537
-89.2421
-89.2303
-89.2184
-89.2063
-89.194
-89.1815
-89.169
-89.1562
-89.1433
-89.1303
-89.1171
-89.1037
-89.0902
-89.0766
-89.0628
-89.0489
-89.0348
-89.0206
-89.0062
-88.9917
-88.977
-88.9641
-88.9729
-88.9983
-89.035
-89.0787
-89.1259
-89.1738
-89.2204
-89.2644
-89.3049
-89.3367
-89.3592
-89.3747
-89.3846
-89.3903
-89.3927
-89.3924
-89.3902
-89.3862
-89.381
-89.3747
-89.3676
-89.3598
-89.3513
-89.3424
-89.333
-89.3233
-89.3132
-89.3029
-89.2923
-89.2814
-89.2703
-89.2591
-89.2476
-89.2359
-89.2241
-89.2121
-89.1999
-89.1876
-89.1751
-89.1625
-89.1496
-89.1367
-89.1236
-89.1103
-89.0969
-89.0833
-89.0696
-89.0558
-89.0418
-89.0276
-89.0133
-88.9989
-88.9843
-88.9696
-88.9547
-88.9415
-88.9509
-88.9773
-89.0156
-89.0611
-89.1102
-89.1599
-89.2083
-89.254
-89.296
-89.3291
-89.3526
-89.3688
-89.3793
-89.3855
-89.3883
-89.3883
-89.3863
-89.3826
-89.3775
-89.3714
-89.3643
-89.3565
-89.3481
-89.3392
-89.3299
-89.3202
-89.3101
-89.2997
-89.2891
-89.2783
-89.2672
-89.2559
-89.2444
-89.2327
-89.2208
-89.2088
-89.1966
-89.1842
-89.1717
-89.159
-89.1462
-89.1332
-89.12
-89.1067
-89.0933
-89.0797
-89.066
-89.0521
-89.038
-89.0238
-89.0095
-88.995
-88.9804
-88.9656
-88.9526
-88.9617
-88.9876
-89.0251
-89.0697
-89.1179
-89.1667
-89.2142
-89.259
-89.3004
-89.3328
-89.3558
-89.3717
-89.3819
-89.3878
-89.3904
-89.3903
-89.3882
-89.3844
-89.3792
-89.373
-89.3659
-89.3581
-89.3497
-89.3408
-89.3314
-89.3217
-89.3116
-89.3013
-89.2906
-89.2798
-89.2687
-89.2574
-89.2459
-89.2343
-89.2224
-89.2104
-89.1982
-89.1859
-89.1734
-89.1607
-89.1479
-89.1349
-87.5635
-84.9066
-81.5646
-77.8553
-74.0186
-70.224
-66.5806
-63.1432
-59.9105
-57.1117
-54.7159
-52.3105
-49.4514
-46.0933
-40.8449
-30.9741
-11.2974
17.6399
35.318
38.9167
36.8526
32.2685
26.3453
19.5447
12.1768
4.55841
-3.07999
-10.6076
-17.9856
-25.2558
-32.573
-40.2834
-49.0299
-59.5619
-71.1705
-79.775
-83.9244
-85.749
-86.5547
-86.9039
-87.0413
-87.0772
-87.0634
-87.0249
-86.9741
-86.9178
-86.8593
-86.8009
-86.7435
-86.688
-86.6349
-86.5845
-86.537
-86.4925
-86.4512
-86.4132
-86.3784
-86.347
-86.2836
-84.9065
-82.6818
-79.9585
-76.9904
-73.9585
-70.9868
-68.1564
-65.5149
-63.0825
-61.1443
-59.8262
-58.9351
-58.3394
-57.9543
-57.7313
-57.6437
-57.6799
-57.8367
-58.1148
-58.5149
-59.0343
-59.6675
-60.4008
-61.215
-62.0858
-62.9864
-63.8903
-64.7747
-65.623
-66.4244
-67.1739
-67.8704
-68.5156
-69.1127
-69.6662
-70.1802
-70.659
-71.1068
-71.527
-71.923
-72.2975
-72.6531
-72.9918
-73.3156
-73.626
-73.9245
-74.2122
-74.4901
-74.7592
-75.0202
-75.2738
-75.5206
-75.761
-75.9956
-76.2246
-76.4485
-76.6674
-76.8817
-77.0539
-75.8601
-73.6498
-70.7408
-67.4043
-63.8564
-60.2501
-56.6565
-53.0236
-49.0953
-44.4571
-37.7718
-25.821
-3.82209
22.7681
35.5349
36.4181
32.2424
25.7535
18.1101
9.98506
1.80074
-6.20738
-13.9439
-21.4145
-28.7165
-36.0731
-43.9236
-52.9362
-63.4553
-73.6497
-80.1042
-83.1829
-84.5893
-85.2182
-85.474
-85.544
-85.518
-85.4406
-85.3348
-85.2131
-85.0823
-84.9466
-84.8083
-84.669
-84.53
-84.3919
-84.2555
-84.1213
-83.9897
-83.8611
-83.7358
-83.6142
-83.4964
-83.3829
-83.2737
-83.1244
-81.6015
-79.1074
-75.9784
-72.4863
-68.846
-65.2198
-61.7209
-58.407
-55.2651
-52.4421
-49.8321
-46.9093
-42.9463
-36.6702
-25.6258
-6.68445
15.9317
28.3606
29.5805
25.1535
18.2389
10.3082
2.1081
-5.9854
-13.8171
-21.3708
-28.7349
-36.1326
-44.0057
-53.0215
-63.5171
-73.6729
-80.1371
-83.2624
-84.7149
-85.3793
-85.6606
-85.7485
-85.7351
-85.6665
-85.567
-85.4495
-85.3216
-85.1874
-85.0496
-84.91
-84.7697
-84.6296
-84.4905
-84.3528
-84.217
-84.0835
-83.9527
-83.8249
-83.6538
-82.1253
-79.6485
-76.557
-73.1168
-69.5361
-65.9725
-62.5379
-59.2957
-56.2505
-53.5907
-51.2869
-48.9392
-46.0798
-42.0121
-35.4562
-24.0049
-5.12664
15.9517
26.8506
27.3785
22.5964
15.4743
7.44753
-0.764376
-8.81903
-16.5934
-24.1009
-31.4683
-38.9913
-47.2052
-56.7745
-67.4958
-76.5201
-81.5402
-83.9186
-85.0304
-85.5359
-85.7407
-85.7905
-85.7575
-85.6786
-85.5735
-85.4529
-85.3231
-85.1877
-85.0491
-84.9089
-84.7681
-84.6276
-84.4879
-84.3497
-84.2133
-84.0792
-83.9477
-83.7726
-82.2413
-79.7639
-76.6737
-73.2358
-69.6575
-66.0959
-62.6631
-59.4237
-56.3849
-53.7408
-51.4716
-49.1914
-46.4588
-42.6362
-36.5758
-26.0922
-8.46476
12.9053
25.5971
27.3322
23.0985
16.1956
8.23356
0.015192
-8.0737
-15.8874
-23.4256
-30.8047
-38.2983
-46.4208
-55.8423
-66.519
-75.845
-81.2005
-83.7541
-84.951
-85.4991
-85.726
-85.7877
-85.7612
-85.686
-85.5829
-85.4633
-85.3339
-85.1986
-85.0599
-84.9193
-84.7779
-84.6367
-84.4962
-84.3571
-84.2198
-84.0846
-83.9035
-82.3817
-79.9322
-76.8864
-73.5046
-69.9892
-66.4929
-63.125
-59.9506
-56.9838
-54.4363
-52.3221
-50.3071
-48.0434
-45.0898
-40.7196
-33.5463
-21.1142
-1.76377
17.458
26.0192
25.3189
19.9589
12.5704
4.45475
-3.74345
-11.7356
-19.4384
-26.9006
-34.3002
-42.0184
-50.6777
-60.8067
-71.3271
-78.8374
-82.6529
-84.4555
-85.3002
-85.6783
-85.8204
-85.8387
-85.7895
-85.7023
-85.593
-85.4705
-85.34
-85.2047
-85.0667
-84.9272
-84.7873
-84.6478
-84.5093
-84.3722
-84.2369
-84.0555
-82.5366
-80.0954
-77.0626
-73.6975
-70.2007
-66.7233
-63.3739
-60.2182
-57.273
-54.7577
-52.7001
-50.7843
-48.695
-46.0526
-42.2688
-36.2423
-25.9077
-8.83725
11.6371
24.0019
25.7853
21.5825
14.6686
6.6936
-1.52209
-9.59463
-17.3874
-24.9133
-32.3101
-39.8967
-48.2366
-57.9686
-68.6636
-77.2536
-81.9013
-84.1123
-85.1548
-85.6323
-85.8266
-85.8734
-85.8407
-85.7634
-85.6604
-85.5421
-85.4145
-85.2814
-85.1449
-85.0067
-84.8677
-84.7289
-84.5908
-84.454
-84.319
-84.1861
-84.0556
-83.928
-83.8035
-83.6823
-83.5647
-83.451
-83.3413
-83.2357
-83.1345
-83.0378
-82.9456
-82.8581
-82.7752
-82.6971
-82.6238
-82.5552
-82.4914
-82.4323
-82.3779
-82.3281
-82.2829
-82.2421
-82.2057
-82.1736
-82.1457
-82.1218
-82.1018
-82.0857
-82.0732
-82.0642
-82.0586
-82.0563
-82.0571
-82.0609
-82.0675
-82.0769
-82.0887
-82.103
-82.1196
-82.1383
-82.159
-82.1817
-82.2061
-82.2321
-82.2597
-82.2887
-82.319
-82.3505
-82.3831
-82.4166
-82.4511
-82.4864
-82.5224
-82.5591
-82.5963
-82.634
-82.6721
-82.7105
-82.7492
-82.7881
-82.8272
-82.8664
-82.9056
-82.9448
-82.984
-83.023
-83.062
-83.1007
-83.1393
-83.1776
-83.2156
-83.2533
-83.2907
-83.3277
-83.3644
-83.4007
-83.4364
-83.4718
-83.5067
-83.5412
-83.5751
-83.6086
-83.6417
-83.6742
-83.7062
-83.7377
-83.7686
-83.7991
-83.829
-83.8584
-83.8873
-83.9157
-83.9435
-83.9708
-83.9975
-84.0237
-84.0495
-84.0746
-84.0993
-84.1235
-84.1471
-84.1703
-84.1929
-84.2151
-84.4083
-84.7329
-85.1469
-85.6109
-86.0918
-86.5636
-87.0081
-87.4136
-87.7741
-88.067
-88.2995
-88.4843
-88.6312
-88.7479
-88.8406
-88.9139
-88.9717
-89.0169
-89.052
-89.0788
-89.0989
-89.1135
-89.1235
-89.1298
-89.133
-89.1336
-89.1321
-89.1288
-89.1239
-89.1177
-89.1104
-89.1022
-89.0932
-89.0834
-89.0731
-89.0621
-89.0507
-89.0389
-89.0266
-89.014
-89.0011
-88.9879
-88.9744
-88.9606
-88.9466
-88.9324
-88.9179
-88.9033
-88.8884
-88.8734
-88.8581
-88.8432
-88.828
-88.8125
-88.7969
-88.7811
-88.765
-88.7488
-88.7324
-88.7159
-88.6991
-88.6822
-88.6652
-88.648
-88.6306
-88.6132
-88.5955
-88.5778
-88.5599
-88.5419
-88.5237
-88.5055
-88.4871
-88.4686
-88.45
-88.4312
-88.4124
-88.3934
-88.3744
-88.3552
-88.336
-88.3166
-88.2972
-88.2776
-88.258
-88.2383
-88.2185
-88.1986
-88.1787
-88.1586
-88.1385
-88.1184
-88.0981
-88.0778
-88.0574
-88.037
-88.0165
-87.9959
-87.9753
-87.9547
-87.9339
-87.9132
-87.8924
-87.8716
-87.8507
-87.8298
-87.8089
-87.7879
-87.7669
-87.7471
-87.7892
-87.8796
-88.004
-88.1489
-88.3031
-88.4576
-88.6057
-88.7433
-88.8678
-88.968
-89.0454
-89.1049
-89.1504
-89.1847
-89.2102
-89.2287
-89.2415
-89.2498
-89.2545
-89.2562
-89.2554
-89.2527
-89.2484
-89.2427
-89.2359
-89.2281
-89.2195
-89.2103
-89.2004
-89.1901
-89.1793
-89.168
-89.1565
-89.1446
-89.1324
-89.12
-89.1073
-89.0943
-89.0812
-89.0679
-89.0543
-89.0406
-89.0267
-89.0126
-88.9983
-88.9839
-88.9693
-88.9545
-88.9396
-88.9246
-88.9112
-88.9213
-88.9493
-88.9896
-89.0375
-89.0891
-89.1415
-89.1923
-89.2402
-89.2843
-89.319
-89.3438
-89.3611
-89.3724
-89.3793
-89.3826
-89.3831
-89.3813
-89.3779
-89.373
-89.367
-89.3601
-89.3524
-89.3441
-89.3352
-89.3259
-89.3162
-89.3061
-89.2958
-89.2851
-89.2743
-89.2632
-89.2518
-89.2403
-89.2286
-89.2167
-89.2046
-89.1924
-89.18
-89.1674
-89.1547
-89.1418
-89.1288
-89.1156
-89.1022
-89.0887
-89.0751
-89.0613
-89.0474
-89.0333
-89.0191
-89.0047
-88.9902
-88.9755
-88.9607
-88.9457
-88.9306
-88.9172
-88.9271
-88.9548
-88.9946
-89.0421
-89.0932
-89.145
-89.1953
-89.2428
-89.2865
-89.3209
-89.3455
-89.3625
-89.3737
-89.3804
-89.3836
-89.384
-89.3823
-89.3787
-89.3738
-89.3678
-89.3608
-89.3531
-89.3448
-89.3359
-89.3266
-89.3169
-89.3068
-89.2965
-89.2859
-89.275
-89.2639
-89.2526
-89.241
-89.2293
-89.2174
-89.2054
-89.1932
-89.1808
-89.1682
-89.1555
-89.1426
-89.1296
-89.1164
-89.103
-89.0896
-89.0759
-89.0621
-89.0482
-89.0341
-89.0199
-89.0055
-88.991
-88.9764
-88.9616
-88.9466
-88.9315
-88.9163
-88.9009
-88.8854
-88.8698
-88.854
-88.8381
-88.822
-88.8058
-88.7895
-88.773
-88.7564
-88.7397
-88.7228
-88.7058
-88.6887
-88.6714
-88.6541
-88.6366
-88.6189
-88.6012
-88.5833
-88.5653
-88.5472
-88.529
-88.5107
-88.4923
-88.4737
-88.4551
-88.4363
-88.4174
-88.3985
-88.3794
-88.3602
-88.3409
-88.3216
-88.3021
-88.2826
-88.263
-88.2433
-88.2235
-88.2036
-88.1836
-88.1636
-88.1435
-88.1233
-88.1031
-88.0828
-88.0624
-88.042
-88.0228
-88.0565
-88.1313
-88.2351
-88.3564
-88.4858
-88.6156
-88.7404
-88.8565
-88.9619
-89.0465
-89.1113
-89.1606
-89.1979
-89.2255
-89.2456
-89.2596
-89.2689
-89.2742
-89.2765
-89.2762
-89.2738
-89.2698
-89.2644
-89.2578
-89.2503
-89.2419
-89.2329
-89.2232
-89.2131
-89.2025
-89.1915
-89.1802
-89.1685
-89.1565
-89.1443
-89.1319
-89.1192
-89.1063
-89.0931
-89.0798
-89.0664
-89.0527
-89.0388
-89.0248
-89.0106
-88.9963
-88.9818
-88.9671
-88.9523
-88.9374
-88.9222
-88.907
-88.8916
-88.876
-88.8603
-88.8445
-88.8285
-88.8142
-88.8265
-88.8593
-88.9062
-88.9618
-89.0217
-89.0822
-89.1409
-89.1961
-89.2468
-89.2869
-87.8834
-85.5617
-82.7225
-79.6546
-76.5561
-73.5538
-70.7219
-68.0956
-65.6821
-63.7824
-62.504
-61.645
-61.0707
-60.6962
-60.4692
-60.3598
-60.3518
-60.4364
-60.6087
-60.8658
-61.2051
-61.6219
-62.1097
-62.6605
-63.263
-63.9051
-64.574
-65.257
-65.943
-66.6229
-67.2895
-67.938
-68.5654
-69.17
-69.7513
-70.3096
-70.8456
-71.3601
-71.8544
-72.3296
-72.7867
-73.2268
-73.651
-74.0602
-74.4552
-74.8368
-75.2057
-75.5626
-75.908
-76.2424
-76.5665
-76.8806
-77.1851
-77.4804
-77.767
-78.045
-78.3149
-78.5768
-78.7943
-77.6315
-75.4571
-72.5997
-69.3327
-65.87
-62.3623
-58.8876
-55.4255
-51.7997
-47.7948
-42.5
-33.4885
-15.6874
13.7701
35.3475
40.4512
38.5309
33.729
27.3111
19.9351
12.0889
4.12759
-3.72665
-11.3677
-18.7807
-26.0288
-33.2798
-40.8906
-49.4794
-59.6905
-70.7151
-78.8608
-82.9004
-84.7192
-85.5292
-85.8707
-85.9862
-85.9885
-85.932
-85.844
-85.7387
-85.6238
-85.5037
-85.381
-85.2574
-85.134
-85.0115
-84.8906
-84.7717
-84.6553
-84.5418
-84.4313
-84.3243
-84.2209
-84.1214
-84.0259
-83.9346
-83.8477
-83.7264
-82.2059
-79.6938
-76.5327
-73.0004
-69.3159
-65.6447
-62.1015
-58.7459
-55.5661
-52.714
-50.0813
-47.1343
-43.1253
-36.7274
-25.3316
-5.58674
17.6637
29.8097
30.7253
26.2263
19.3496
11.4768
3.31891
-4.75466
-12.583
-20.1396
-27.4971
-34.8539
-42.6103
-51.4155
-61.7639
-72.3145
-79.5072
-83.0401
-84.6746
-85.4221
-85.7435
-85.8524
-85.8511
-85.7906
-85.6973
-85.5851
-85.4619
-85.3324
-85.1991
-85.064
-84.9282
-84.7926
-84.658
-84.5247
-84.3934
-84.2643
-84.138
-84.0146
-83.8944
-83.7334
-82.2032
-79.7128
-76.5984
-73.129
-69.5156
-65.9181
-62.4498
-59.1737
-56.0918
-53.3857
-51.009
-48.5368
-45.4459
-40.9266
-33.4503
-20.2408
0.539603
20.427
28.4527
27.2984
21.7807
14.3739
6.2731
-1.91757
-9.91539
-17.6292
-25.0914
-32.4476
-40.0226
-48.3862
-58.1789
-68.9256
-77.4623
-82.0131
-84.1522
-85.1474
-85.5943
-85.7686
-85.802
-85.7601
-85.6762
-85.5684
-85.4464
-85.316
-85.1806
-85.0424
-84.9027
-84.7627
-84.6232
-84.4846
-84.3476
-84.2125
-84.0799
-83.9499
-83.7764
-82.2468
-79.7711
-76.6832
-73.2479
-69.6727
-66.1145
-62.6852
-59.4492
-56.4138
-53.7732
-51.5085
-49.2346
-46.5122
-42.7074
-36.6794
-26.2498
-8.67038
12.7724
25.6107
27.4333
23.2431
16.3633
8.41218
0.197109
-7.89312
-15.7099
-23.2512
-30.6296
-38.1159
-46.2168
-55.6058
-66.277
-75.6845
-81.1285
-83.7263
-84.9435
-85.5014
-85.7332
-85.7975
-85.7726
-85.6984
-85.596
-85.4771
-85.3483
-85.2135
-85.0752
-84.9351
-84.7942
-84.6535
-84.5135
-84.3749
-84.238
-84.1033
-83.9712
-83.7953
-82.2635
-79.7859
-76.6958
-73.2582
-69.68
-66.1185
-62.6857
-59.4464
-56.4085
-53.7668
-51.5035
-49.2346
-46.5234
-42.7423
-36.7655
-26.4462
-9.04696
12.3374
25.3445
27.3095
23.1822
16.3224
8.3736
0.154704
-7.94033
-15.7611
-23.3052
-30.6863
-38.1756
-46.2821
-55.6774
-66.3434
-75.7202
-81.1371
-83.7233
-84.936
-85.4921
-85.7231
-85.787
-85.7617
-85.6871
-85.5844
-85.465
-85.3357
-85.2005
-85.0616
-84.9209
-84.7795
-84.6381
-84.4975
-84.3582
-84.2207
-84.0853
-83.904
-82.3819
-79.9321
-76.8858
-73.5035
-69.9875
-66.4905
-63.1218
-59.9467
-56.9792
-54.431
-52.3159
-50.2997
-48.034
-45.0772
-40.7011
-33.5167
-21.0665
-1.70391
17.493
26.0193
25.2993
19.93
12.5372
4.42019
-3.77792
-11.7692
-19.4711
-26.9328
-34.3327
-42.0534
-50.7181
-60.8525
-71.3669
-78.8588
-82.6622
-84.4591
-85.3011
-85.6779
-85.8193
-85.8371
-85.7877
-85.7004
-85.5909
-85.4683
-85.3378
-85.2024
-85.0642
-84.9247
-84.7848
-84.6452
-84.5065
-84.3694
-84.2341
-84.0526
-82.5335
-80.092
-77.0589
-73.6932
-70.1958
-66.7178
-63.3678
-60.2115
-57.2656
-54.7494
-52.6904
-50.7724
-48.6791
-46.0296
-42.2331
-36.1822
-25.8021
-8.67585
11.7834
24.0577
25.7756
21.5413
14.614
6.63455
-1.58122
-9.65196
-17.4425
-24.9667
-32.363
-39.9527
-48.3003
-58.0428
-68.7362
-77.2989
-81.9227
-84.1219
-85.1587
-85.6334
-85.8262
-85.8722
-85.839
-85.7614
-85.6582
-85.5398
-85.4122
-85.2789
-85.1424
-85.0041
-84.8651
-84.7262
-84.5881
-84.4513
-84.3162
-84.1833
-84.0528
-83.9252
-83.8006
-83.6794
-83.5619
-83.4481
-83.3384
-83.2328
-83.1316
-83.0349
-82.9427
-82.8551
-82.7723
-82.6942
-82.6209
-82.5523
-82.4885
-82.4294
-82.375
-82.3252
-82.28
-82.2393
-82.2029
-82.1708
-82.1429
-82.119
-82.0991
-82.083
-82.0705
-82.0615
-82.056
-82.0537
-82.0545
-82.0584
-82.065
-82.0743
-82.0862
-82.1005
-82.1171
-82.1359
-82.1566
-82.1793
-82.2037
-82.2298
-82.2574
-82.2864
-82.3167
-82.3482
-82.3809
-82.4145
-82.449
-82.4843
-82.5203
-82.5569
-82.5941
-82.6317
-82.6698
-82.7082
-82.7469
-82.7858
-82.8248
-82.864
-82.9032
-82.9424
-82.9815
-83.0206
-83.0595
-83.0982
-83.1368
-83.1751
-83.2131
-83.2508
-83.2882
-83.3253
-83.3619
-83.3982
-83.4341
-83.4695
-83.5045
-83.539
-83.5731
-83.6066
-83.6397
-83.6723
-83.7043
-83.7359
-83.7669
-83.7974
-83.8274
-83.8569
-83.8858
-83.9142
-83.9421
-83.9694
-83.9962
-84.0225
-84.0482
-84.0734
-84.0982
-84.1224
-84.1461
-84.1692
-84.1919
-84.2141
-84.2358
-84.257
-84.2778
-84.4678
-84.7879
-85.1965
-85.6549
-86.13
-86.5964
-87.0358
-87.4367
-87.7933
-88.083
-88.3129
-88.4956
-88.6409
-88.7562
-88.8477
-88.9201
-88.9772
-89.0218
-89.0563
-89.0827
-89.1024
-89.1167
-89.1265
-89.1325
-89.1355
-89.136
-89.1343
-89.1308
-89.1258
-89.1196
-89.1122
-89.1039
-89.0948
-89.0849
-89.0745
-89.0635
-89.052
-89.0401
-89.0278
-89.0152
-89.0022
-88.989
-88.9754
-88.9616
-88.9476
-88.9333
-88.9188
-88.9041
-88.8897
-88.875
-88.8601
-88.8449
-88.8295
-88.8139
-88.7981
-88.7822
-88.766
-88.7497
-88.7332
-88.7166
-88.6998
-88.6828
-88.6657
-88.6485
-88.6311
-88.6136
-88.5959
-88.5781
-88.5602
-88.5421
-88.524
-88.5057
-88.4873
-88.4688
-88.4501
-88.4314
-88.4125
-88.3936
-88.3745
-88.3553
-88.3361
-88.3167
-88.2973
-88.2777
-88.2581
-88.2384
-88.2186
-88.1987
-88.1787
-88.1587
-88.1386
-88.1184
-88.0981
-88.0778
-88.0574
-88.037
-88.0178
-88.0517
-88.1268
-88.2309
-88.3527
-88.4825
-88.6127
-88.738
-88.8545
-88.9602
-89.0451
-89.1101
-89.1597
-89.197
-89.2248
-89.245
-89.2591
-89.2684
-89.2738
-89.2761
-89.2758
-89.2735
-89.2695
-89.2641
-89.2575
-89.25
-89.2417
-89.2326
-89.223
-89.2129
-89.2023
-89.1913
-89.1799
-89.1683
-89.1563
-89.1441
-89.1316
-89.1189
-89.106
-89.0929
-89.0796
-89.0661
-89.0524
-89.0386
-89.0246
-89.0104
-88.9961
-88.9815
-88.9669
-88.9521
-88.9371
-88.922
-88.9067
-88.8913
-88.8758
-88.8601
-88.8442
-88.8282
-88.8121
-88.7958
-88.7795
-88.7647
-88.7783
-88.8135
-88.8638
-88.9234
-88.9875
-89.0522
-89.115
-89.174
-89.2281
-89.2709
-89.3021
-89.3245
-89.34
-89.3501
-89.356
-89.3586
-89.3586
-89.3564
-89.3526
-89.3474
-89.3411
-89.3339
-89.326
-89.3174
-89.3083
-89.2987
-89.2887
-89.2784
-89.2677
-89.2568
-89.2456
-89.2342
-89.2226
-89.2107
-89.1987
-89.1865
-89.1741
-89.1615
-89.1488
-89.1359
-89.1228
-89.1096
-89.0962
-89.0827
-89.069
-89.0552
-89.0412
-89.0289
-89.0364
-89.0585
-89.091
-89.1297
-89.1715
-89.214
-89.2554
-89.2946
-89.3307
-89.359
-89.3788
-89.392
-89.4002
-89.4045
-89.4058
-89.4047
-89.4017
-89.3972
-89.3916
-89.385
-89.3776
-89.3696
-89.3611
-89.352
-89.3426
-89.3329
-89.3228
-89.3125
-89.3019
-89.2911
-89.2801
-89.2689
-89.2575
-89.2459
-89.2342
-89.2223
-89.2102
-89.198
-89.1856
-89.173
-89.1603
-89.1475
-89.1345
-89.1213
-89.108
-89.0946
-89.081
-89.0673
-89.0534
-89.0393
-89.0252
-89.0108
-88.9964
-88.9818
-88.967
-88.9521
-88.9371
-88.9219
-88.9066
-88.8911
-88.8755
-88.8598
-88.8439
-88.8279
-88.8117
-88.7954
-88.779
-88.7625
-88.7458
-88.729
-88.712
-88.6949
-88.6777
-88.6604
-88.6429
-88.6254
-88.6077
-88.5898
-88.5719
-88.5539
-88.5357
-88.5174
-88.499
-88.4805
-88.4619
-88.4431
-88.4243
-88.4054
-88.3863
-88.3672
-88.348
-88.3287
-88.3092
-88.2897
-88.2701
-88.2504
-88.2307
-88.2108
-88.1909
-88.1709
-88.1508
-88.1307
-88.1105
-88.0902
-88.0698
-88.0507
-88.0836
-88.1569
-88.2586
-88.3775
-88.5044
-88.6317
-88.7541
-88.8681
-88.9715
-89.0545
-89.1181
-89.1664
-89.2028
-89.2298
-89.2493
-89.2629
-89.2718
-89.2768
-89.2788
-89.2784
-89.2759
-89.2717
-89.2662
-89.2595
-89.2519
-89.2435
-89.2344
-89.2247
-89.2145
-89.2039
-89.1929
-89.1815
-89.1699
-89.1579
-89.1457
-89.1332
-89.1205
-89.1076
-89.0945
-89.0812
-89.0678
-89.0541
-89.0403
-89.0263
-89.0121
-88.9977
-88.9833
-88.9686
-88.9538
-88.9389
-88.9238
-88.9085
-88.8931
-88.8776
-88.8619
-88.8461
-88.8301
-88.8158
-88.8281
-88.8608
-88.9076
-88.9631
-89.0228
-89.0832
-89.1417
-89.1968
-89.2475
-87.8606
-85.5601
-82.7466
-79.7079
-76.6405
-73.67
-70.8691
-68.2726
-65.8874
-64.0155
-62.7656
-61.9366
-61.3954
-61.0566
-60.8696
-60.8038
-60.8418
-60.9736
-61.1931
-61.4942
-61.8713
-62.3184
-62.8266
-63.3862
-63.9856
-64.6136
-65.2582
-65.9094
-66.5585
-67.1985
-67.8246
-68.4335
-69.0231
-69.5926
-70.1417
-70.6708
-71.1805
-71.6715
-72.1447
-72.6011
-73.0415
-73.4668
-73.8777
-74.275
-74.6594
-75.0314
-75.3918
-75.7409
-76.0793
-76.4074
-76.7257
-77.0345
-77.3342
-77.6251
-77.9076
-78.1818
-78.4481
-78.7068
-78.9212
-77.7546
-75.5772
-72.7181
-69.4509
-65.9897
-62.4851
-59.0156
-55.5631
-51.9562
-47.9933
-42.7944
-34.0029
-16.6394
12.6613
34.996
40.5397
38.8007
34.1131
27.7777
20.455
12.6362
4.68265
-3.17627
-10.8275
-18.2505
-25.5035
-32.7455
-40.3135
-48.8094
-58.9052
-69.9823
-78.453
-82.7266
-84.6519
-85.5103
-85.8747
-86.0016
-86.0099
-85.9568
-85.8709
-85.767
-85.6532
-85.534
-85.4121
-85.2891
-85.1663
-85.0444
-84.924
-84.8056
-84.6897
-84.5765
-84.4665
-84.3598
-84.2567
-84.1575
-84.0623
-83.9713
-83.8846
-83.7636
-82.2438
-79.7335
-76.5755
-73.0472
-69.3676
-65.7015
-62.1639
-58.8143
-55.6423
-52.8027
-50.193
-47.2885
-43.3628
-37.136
-26.086
-6.79847
16.6252
29.4724
30.8002
26.4821
19.6845
11.8416
3.68791
-4.39401
-12.2353
-19.8036
-27.1677
-34.5178
-42.2454
-50.9894
-61.2771
-71.8959
-79.2838
-82.94
-84.6323
-85.4073
-85.7423
-85.8583
-85.8609
-85.8027
-85.7107
-85.5995
-85.477
-85.348
-85.2151
-85.0804
-84.9449
-84.8096
-84.6752
-84.5422
-84.4111
-84.2822
-84.156
-84.0328
-83.9128
-83.7519
-82.2221
-79.7327
-76.6199
-73.1525
-69.5414
-65.9465
-62.4807
-59.2074
-56.1288
-53.4277
-51.0601
-48.6044
-45.5444
-41.0858
-33.7317
-20.7448
-0.156647
19.9598
28.342
27.3793
21.9464
14.5742
6.48312
-1.70989
-9.71513
-17.4372
-24.9051
-32.2613
-39.8249
-48.1605
-57.9146
-68.6668
-77.3019
-81.9378
-84.1187
-85.1339
-85.5906
-85.77
-85.8062
-85.7658
-85.6829
-85.5757
-85.4541
-85.3241
-85.1889
-85.0509
-84.9114
-84.7716
-84.6321
-84.4937
-84.3567
-84.2218
-84.0892
-83.9593
-83.7859
-82.2564
-79.7813
-76.6941
-73.2599
-69.6858
-66.1288
-62.7008
-59.4661
-56.4322
-53.7939
-51.5335
-49.2673
-46.5586
-42.78
-36.804
-26.4743
-9.02819
12.4378
25.4785
27.4444
23.3212
16.4697
8.52825
0.313608
-7.78026
-15.6018
-23.147
-30.5262
-38.0083
-46.0958
-55.4635
-66.127
-75.5796
-81.0772
-83.703
-84.9336
-85.498
-85.7332
-85.7993
-85.7754
-85.7019
-85.5999
-85.4812
-85.3526
-85.2179
-85.0798
-84.9397
-84.7989
-84.6583
-84.5183
-84.3797
-84.2429
-84.1083
-83.9761
-83.8003
-82.2686
-79.7912
-76.7016
-73.2644
-69.6868
-66.1259
-62.6938
-59.4551
-56.418
-53.7775
-51.5164
-49.2515
-46.5473
-42.7797
-36.8298
-26.562
-9.23197
12.1614
25.2734
27.314
23.2221
16.3774
8.43356
0.214895
-7.88205
-15.7053
-23.2515
-30.633
-38.1202
-46.2198
-55.6041
-66.2663
-75.6665
-81.1108
-83.7113
-84.9309
-85.4903
-85.723
-85.7879
-85.7631
-85.6889
-85.5863
-85.4671
-85.3379
-85.2027
-85.0639
-84.9233
-84.7819
-84.6405
-84.4999
-84.3607
-84.2231
-84.0878
-83.9065
-82.3844
-79.9348
-76.8887
-73.5067
-69.9909
-66.4942
-63.1259
-59.9511
-56.984
-54.4364
-52.3222
-50.3076
-48.0449
-45.0932
-40.7269
-33.5619
-21.146
-1.81431
17.414
25.9977
25.3113
19.9572
12.5706
4.45517
-3.74344
-11.7361
-19.4394
-26.9019
-34.3016
-42.0199
-50.6792
-60.8077
-71.3271
-78.8364
-82.6517
-84.4544
-85.2992
-85.6774
-85.8195
-85.8378
-85.7886
-85.7014
-85.5921
-85.4695
-85.339
-85.2037
-85.0655
-84.926
-84.7861
-84.6465
-84.5079
-84.3707
-84.2355
-84.054
-82.535
-80.0935
-77.0605
-73.695
-70.1977
-66.7199
-63.3701
-60.2139
-57.2682
-54.7524
-52.6939
-50.7767
-48.6849
-46.0382
-42.2466
-36.2053
-25.8431
-8.73924
11.7251
24.0344
25.7778
21.5558
14.6337
6.65589
-1.55988
-9.63133
-17.4227
-24.9476
-32.3441
-39.9327
-48.2775
-58.0162
-68.7101
-77.2825
-81.9149
-84.1183
-85.1572
-85.6329
-85.8262
-85.8725
-85.8395
-85.762
-85.6589
-85.5405
-85.4129
-85.2797
-85.1432
-85.0049
-84.8659
-84.7271
-84.589
-84.4521
-84.3171
-84.1841
-84.0536
-83.926
-83.8014
-83.6803
-83.5627
-83.4489
-83.3392
-83.2336
-83.1324
-83.0357
-82.9435
-82.8559
-82.7731
-82.695
-82.6216
-82.553
-82.4892
-82.4301
-82.3757
-82.3259
-82.2807
-82.2399
-82.2036
-82.1715
-82.1435
-82.1196
-82.0997
-82.0835
-82.071
-82.0621
-82.0565
-82.0542
-82.0551
-82.0589
-82.0655
-82.0748
-82.0867
-82.101
-82.1176
-82.1363
-82.1571
-82.1797
-82.2041
-82.2302
-82.2578
-82.2868
-82.3171
-82.3486
-82.3812
-82.4148
-82.4493
-82.4846
-82.5206
-82.5573
-82.5945
-82.6321
-82.6701
-82.7085
-82.7472
-82.7861
-82.8251
-82.8643
-82.9035
-82.9426
-82.9818
-83.0208
-83.0597
-83.0985
-83.137
-83.1753
-83.2133
-83.251
-83.2884
-83.3255
-83.3621
-83.3984
-83.4342
-83.4697
-83.5046
-83.5392
-83.5732
-83.6068
-83.6399
-83.6724
-83.7045
-83.736
-83.7671
-83.7976
-83.8275
-83.857
-83.8859
-83.9143
-83.9422
-83.9695
-83.9963
-84.0226
-84.0483
-84.0735
-84.0983
-84.1224
-84.1461
-84.1693
-84.192
-84.2142
-84.2359
-84.2571
-84.2778
-84.2981
-84.3179
-84.3373
-84.3562
-84.3746
-84.3927
-84.4102
-84.4274
-84.4442
-84.4605
-84.4764
-84.492
-84.5072
-84.522
-84.5364
-84.5504
-84.5641
-84.5775
-84.5905
-84.6031
-84.6155
-84.6275
-84.6392
-84.6506
-84.6617
-84.6725
-84.683
-84.6932
-84.7031
-84.7128
-84.7223
-84.7314
-84.7403
-84.749
-84.7574
-84.7656
-84.9293
-85.213
-85.5791
-85.9923
-86.4224
-86.8458
-87.2456
-87.6113
-87.9371
-88.2017
-88.4116
-88.5782
-88.7108
-88.8159
-88.899
-88.9646
-89.0159
-89.0559
-89.0865
-89.1097
-89.1266
-89.1386
-89.1464
-89.1508
-89.1523
-89.1515
-89.1487
-89.1443
-89.1385
-89.1314
-89.1234
-89.1145
-89.1048
-89.0945
-89.0836
-89.0722
-89.0604
-89.0481
-89.0355
-89.0225
-89.0093
-88.9958
-88.982
-88.9679
-88.9536
-88.9392
-88.9245
-88.9114
-88.9218
-88.9499
-88.9904
-89.0384
-89.09
-89.1423
-89.1931
-89.2409
-89.285
-89.3196
-89.3444
-89.3616
-89.3729
-89.3797
-89.383
-89.3835
-89.3818
-89.3783
-89.3734
-89.3674
-89.3605
-89.3528
-89.3444
-89.3356
-89.3263
-89.3165
-89.3065
-89.2961
-89.2855
-89.2746
-89.2635
-89.2522
-89.2407
-89.229
-89.2171
-89.205
-89.1928
-89.1804
-89.1678
-89.1551
-89.1422
-89.1292
-89.116
-89.1026
-89.0892
-89.0755
-89.0617
-89.0478
-89.0337
-89.0195
-89.0051
-88.9906
-88.9759
-88.9611
-88.9462
-88.9311
-88.9158
-88.9005
-88.885
-88.8693
-88.8535
-88.8376
-88.8215
-88.8053
-88.789
-88.7725
-88.7559
-88.7391
-88.7223
-88.7053
-88.6882
-88.6726
-88.6885
-88.7284
-88.7851
-88.8522
-88.9241
-88.9968
-89.0672
-89.1331
-89.1936
-89.2415
-89.2769
-89.3025
-89.3207
-89.3329
-89.3405
-89.3444
-89.3455
-89.3442
-89.3411
-89.3364
-89.3306
-89.3237
-89.316
-89.3076
-89.2987
-89.2892
-89.2793
-89.269
-89.2584
-89.2474
-89.2362
-89.2248
-89.2131
-89.2012
-89.1891
-89.1769
-89.1644
-89.1517
-89.1389
-89.1259
-89.1128
-89.0995
-89.086
-89.0724
-89.0586
-89.0446
-89.0306
-89.0163
-89.0019
-88.9874
-88.9746
-88.9832
-89.008
-89.0441
-89.087
-89.1333
-89.1803
-89.2261
-89.2692
-89.3091
-89.3403
-89.3624
-89.3775
-89.3871
-89.3926
-89.3948
-89.3944
-89.392
-89.388
-89.3827
-89.3764
-89.3692
-89.3613
-89.3529
-89.3439
-89.3345
-89.3248
-89.3147
-89.3044
-89.2938
-89.2829
-89.2719
-89.2606
-89.2491
-89.2375
-89.2257
-89.2137
-89.2015
-89.1892
-89.1767
-89.1641
-89.1513
-89.1384
-89.1253
-89.112
-89.0986
-89.0851
-89.0714
-89.0576
-89.0436
-89.0295
-89.0152
-89.0008
-88.9862
-88.9715
-88.9566
-88.9416
-88.9265
-88.9112
-88.8958
-88.8802
-88.8645
-88.8487
-88.8327
-88.8166
-88.8004
-88.784
-88.7675
-88.7508
-88.7341
-88.7172
-88.7001
-88.683
-88.6657
-88.6483
-88.6307
-88.613
-88.5953
-88.5774
-88.5593
-88.5412
-88.523
-88.5046
-88.4861
-88.4675
-88.4488
-88.43
-88.4111
-88.3921
-88.373
-88.3538
-88.3345
-88.3151
-88.2957
-88.2761
-88.2564
-88.2367
-88.2169
-88.197
-88.177
-88.1569
-88.1368
-88.1166
-88.0963
-88.076
-88.0556
-88.0365
-88.0698
-88.1439
-88.2466
-88.3668
-88.4949
-88.6235
-88.7471
-88.8622
-88.9666
-89.0504
-89.1146
-89.1635
-89.2003
-89.2276
-89.2474
-89.2612
-89.2703
-89.2755
-89.2776
-89.2772
-89.2748
-89.2707
-89.2653
-89.2586
-89.2511
-89.2427
-89.2336
-89.224
-89.2138
-89.2032
-89.1922
-89.1808
-89.1692
-89.1572
-89.145
-89.1325
-89.1198
-89.1069
-89.0938
-89.0805
-89.067
-89.0534
-89.0395
-89.0255
-89.0113
-88.997
-88.9825
-88.9679
-88.953
-88.9381
-88.923
-88.9077
-88.8923
-88.8768
-88.8611
-88.8452
-88.8311
-88.843
-88.8749
-88.9207
-88.975
-89.0334
-89.0925
-89.1498
-89.2037
-89.2533
-89.2924
-89.3208
-89.3408
-89.3544
-89.363
-89.3677
-89.3694
-89.3685
-89.3658
-89.3615
-89.3559
-89.3493
-89.3419
-89.3338
-89.3251
-89.3158
-89.3062
-89.2962
-89.2858
-89.2752
-89.2643
-89.2531
-89.2417
-87.7011
-85.1182
-81.8947
-78.3425
-74.6913
-71.0999
-67.6688
-64.4488
-61.445
-58.919
-56.907
-55.112
-53.2525
-51.004
-47.8673
-42.8273
-33.4708
-14.3751
16.6223
37.3807
41.957
40.3727
36.2044
30.3613
22.8824
14.7191
6.35115
-1.9438
-10.0321
-17.892
-25.5957
-33.3378
-41.5355
-50.8171
-61.9643
-73.6727
-81.3886
-84.8547
-86.3372
-86.9747
-87.241
-87.3387
-87.3573
-87.3382
-87.3009
-87.2551
-87.2059
-87.1559
-87.1066
-87.0588
-87.0132
-86.97
-86.9295
-86.8918
-86.8571
-86.8253
-86.7966
-86.7709
-86.7138
-85.374
-83.2301
-80.6284
-77.8136
-74.9547
-72.1641
-69.5133
-67.043
-64.7711
-62.9884
-61.8294
-61.1062
-60.6917
-60.503
-60.4879
-60.6134
-60.857
-61.2021
-61.6336
-62.1363
-62.6955
-63.2957
-63.9219
-64.5608
-65.2004
-65.8315
-66.4471
-67.0425
-67.615
-68.1632
-68.687
-69.1869
-69.664
-70.1196
-70.5552
-70.9721
-71.3718
-71.7557
-72.125
-72.4809
-72.8243
-73.1563
-73.4776
-73.7891
-74.0914
-74.3852
-74.671
-74.9492
-75.2203
-75.4847
-75.7428
-75.9948
-76.2411
-76.4818
-76.7172
-76.9476
-77.1731
-77.3938
-77.5722
-76.381
-74.175
-71.2752
-67.9533
-64.4255
-60.8451
-57.2874
-53.7134
-49.8978
-45.5036
-39.3642
-28.5825
-8.18623
19.5324
35.1306
37.3761
33.871
27.8054
20.4255
12.4347
4.28928
-3.73859
-11.5216
-19.0395
-26.3568
-33.6504
-41.281
-49.8628
-59.9887
-70.759
-78.6308
-82.5726
-84.3732
-85.1845
-85.5287
-85.644
-85.6428
-85.5803
-85.4843
-85.3697
-85.2447
-85.1138
-84.9798
-84.8446
-84.7094
-84.575
-84.442
-84.3112
-84.1828
-84.0573
-83.935
-83.8162
-83.7012
-83.5903
-83.4836
-83.3369
-81.8192
-79.3364
-76.2251
-72.7565
-69.1434
-65.5467
-62.0786
-58.7983
-55.699
-52.9435
-50.457
-47.763
-44.2407
-38.8533
-29.5871
-13.2183
9.54735
25.8411
29.7766
26.5916
20.2181
12.4935
4.32782
-3.81393
-11.7232
-19.3499
-26.753
-34.1124
-41.8033
-50.4506
-60.605
-71.2294
-78.8452
-82.6815
-84.4697
-85.2948
-85.6565
-85.7864
-85.7962
-85.7413
-85.6504
-85.5388
-85.415
-85.2841
-85.149
-85.0117
-84.8735
-84.7352
-84.5977
-84.4615
-84.327
-84.1948
-84.0651
-83.9383
-83.7683
-82.2427
-79.7724
-76.6911
-73.2642
-69.6985
-66.1508
-62.7323
-59.5069
-56.4818
-53.8524
-51.6024
-49.3509
-46.6654
-42.9278
-37.0283
-26.8328
-9.52985
12.0544
25.4331
27.6155
23.5983
16.799
8.88011
0.670544
-7.42793
-15.258
-22.8104
-30.1911
-37.659
-45.7079
-55.0124
-65.6585
-75.2582
-80.9291
-83.6433
-84.9149
-85.499
-85.744
-85.8156
-85.7949
-85.7234
-85.623
-85.5056
-85.3781
-85.2445
-85.1074
-84.9683
-84.8285
-84.6888
-84.5499
-84.4123
-84.2765
-84.1429
-84.0118
-83.837
-82.3072
-79.8332
-76.7485
-73.3176
-69.7472
-66.1939
-62.7695
-59.5387
-56.5105
-53.8825
-51.6422
-49.4137
-46.774
-43.1279
-37.416
-27.6047
-10.8951
10.5613
24.6312
27.381
23.6263
16.9269
9.03458
0.820757
-7.29252
-15.1385
-22.7034
-30.0914
-37.557
-45.5909
-54.8654
-65.4853
-75.1143
-80.8419
-83.591
-84.8811
-85.4751
-85.7256
-85.8
-85.7806
-85.7097
-85.6092
-85.4915
-85.3634
-85.2291
-85.0911
-84.9511
-84.8102
-84.6694
-84.5293
-84.3905
-84.2534
-84.1184
-83.9375
-82.4164
-79.9689
-76.9261
-73.5481
-70.037
-66.5451
-63.1815
-60.0116
-57.0499
-54.51
-52.4088
-50.4164
-48.1923
-45.3094
-41.0727
-34.163
-22.2007
-3.28838
16.3348
25.6975
25.4756
20.3341
13.0337
4.94242
-3.26164
-11.2716
-18.9933
-26.4667
-33.8644
-41.5498
-50.1357
-60.1826
-70.7658
-78.5191
-82.504
-84.3886
-85.273
-85.6711
-85.8238
-85.8479
-85.802
-85.7169
-85.6089
-85.4874
-85.3575
-85.2227
-85.0851
-84.9459
-84.8063
-84.667
-84.5286
-84.3916
-84.2565
-84.0752
-82.5568
-80.1167
-77.0857
-73.7229
-70.2285
-66.7538
-63.4069
-60.2538
-57.3114
-54.8002
-52.7498
-50.8465
-48.779
-46.1751
-42.4614
-36.5708
-26.4916
-9.75048
10.7774
23.6492
25.8114
21.7914
14.9548
7.00532
-1.20981
-9.2924
-17.0976
-24.6325
-32.032
-39.6026
-47.9022
-57.5772
-68.2756
-77.0079
-81.7836
-84.0586
-85.132
-85.6248
-85.8271
-85.8783
-85.8481
-85.7723
-85.6702
-85.5526
-85.4255
-85.2927
-85.1565
-85.0184
-84.8797
-84.741
-84.603
-84.4663
-84.3313
-84.1984
-84.068
-83.9404
-83.8158
-83.6946
-83.577
-83.4632
-83.3534
-83.2478
-83.1465
-83.0496
-82.9573
-82.8697
-82.7867
-82.7084
-82.6349
-82.5662
-82.5022
-82.4429
-82.3884
-82.3384
-82.293
-82.252
-82.2155
-82.1832
-82.155
-82.131
-82.1108
-82.0945
-82.0818
-82.0726
-82.0669
-82.0644
-82.065
-82.0686
-82.0751
-82.0842
-82.0959
-82.11
-82.1264
-82.145
-82.1656
-82.188
-82.2123
-82.2382
-82.2656
-82.2945
-82.3246
-82.356
-82.3884
-82.4219
-82.4562
-82.4914
-82.5273
-82.5638
-82.6009
-82.6385
-82.6764
-82.7148
-82.7534
-82.7922
-82.8312
-82.8702
-82.9094
-82.9485
-82.9875
-83.0265
-83.0654
-83.104
-83.1425
-83.1807
-83.2186
-83.2563
-83.2936
-83.3306
-83.3672
-83.4034
-83.4391
-83.4745
-83.5094
-83.5438
-83.5778
-83.6113
-83.6443
-83.6768
-83.7088
-83.7403
-83.7713
-83.8016
-83.8315
-83.8608
-83.8896
-83.9179
-83.9456
-83.9729
-83.9995
-84.0257
-84.0514
-84.0765
-84.1011
-84.1252
-84.1488
-84.1719
-84.1945
-84.2166
-84.2383
-84.4303
-84.7532
-85.1652
-85.6271
-86.1059
-86.5757
-87.0183
-87.4221
-87.7811
-88.0728
-88.3044
-88.4884
-88.6347
-88.751
-88.8432
-88.9162
-88.9737
-89.0187
-89.0535
-89.0802
-89.1002
-89.1146
-89.1246
-89.1308
-89.1339
-89.1345
-89.1329
-89.1295
-89.1246
-89.1184
-89.1111
-89.1028
-89.0937
-89.084
-89.0736
-89.0626
-89.0512
-89.0393
-89.027
-89.0144
-89.0015
-88.9883
-88.9747
-88.961
-88.9469
-88.9327
-88.9182
-88.9036
-88.8887
-88.8737
-88.8589
-88.8438
-88.8285
-88.8131
-88.7974
-88.7815
-88.7654
-88.7492
-88.7327
-88.7161
-88.6994
-88.6824
-88.6654
-88.6482
-88.6308
-88.6133
-88.5957
-88.5779
-88.5616
-88.5804
-88.6262
-88.6908
-88.767
-88.8486
-88.9309
-89.0104
-89.0849
-89.1529
-89.2071
-89.2474
-89.277
-89.2984
-89.3131
-89.3228
-89.3284
-89.3308
-89.3306
-89.3283
-89.3244
-89.3191
-89.3127
-89.3053
-89.2972
-89.2884
-89.2791
-89.2693
-89.2591
-89.2485
-89.2376
-89.2264
-89.2149
-89.2032
-89.1913
-89.1791
-89.1668
-89.1542
-89.1415
-89.1286
-89.1155
-89.1023
-89.0889
-89.0753
-89.0616
-89.0477
-89.0337
-89.0195
-89.0052
-88.9907
-88.976
-88.9613
-88.9463
-88.9313
-88.916
-88.9007
-88.8852
-88.8695
-88.8538
-88.8378
-88.8218
-88.8056
-88.7893
-88.7728
-88.7562
-88.7395
-88.7226
-88.7056
-88.6885
-88.6712
-88.6539
-88.6364
-88.6187
-88.601
-88.5831
-88.5651
-88.547
-88.5288
-88.5105

