0
0
0
0
0
0
0
0
0
0
0
-0.256025
-0.243508
-0.231603
-0.22028
-0.209511
-3.75489
-7.12695
-10.3341
-13.3845
-16.2858
-20.1307
-26.2577
-32.0853
-37.6279
-42.8995
-47.5498
-51.6394
-56.226
-60.5884
-64.7375
-68.6837
-72.437
-76.0068
-79.4021
-82.6314
-85.7028
-88.6241
-92.0995
-94.708
-97.189
-99.5487
-101.793
-104.997
-106.975
-108.856
-110.645
-112.347
-115.051
-116.538
-117.951
-119.296
-120.575
-121.791
-124.002
-125.05
-126.048
-126.997
-127.899
-127.672
-124.986
-122.431
-118.557
-112.761
-107.248
-98.7966
-90.4108
-82.435
-74.8492
-67.6342
-60.7719
-54.2452
-48.0375
-40.369
-34.8397
-29.5808
-24.579
-19.8217
-14.9333
-7.09198
0.366001
7.45936
14.2059
20.6227
25.3177
31.1912
36.7775
42.0907
47.1442
51.9506
56.522
60.8699
65.0052
68.9383
72.6792
76.5918
79.9585
83.1606
86.2062
89.1028
91.4942
90.5767
89.704
88.874
88.0846
84.4751
78.1904
70.8121
63.7944
57.1199
50.7717
44.7339
35.4356
26.5919
18.1805
10.1804
5.43016
1.60905
-5.58087
-12.4193
-18.9233
-25.1094
-30.9931
-34.4771
-39.9028
-45.0632
-49.9713
-54.6395
-59.0794
-62.6054
-66.6559
-70.5083
-74.1724
-77.6574
-80.6138
-83.7838
-86.7989
-89.6666
-92.394
-94.9882
-97.4555
-99.8021
-102.034
-104.157
-106.176
-108.454
-110.263
-111.984
-113.62
-115.177
-113.101
-108.269
-102.975
-97.941
-93.1527
-88.5985
-82.8232
-75.2184
-67.9853
-61.1059
-54.5628
-49.3877
-43.4175
-37.7392
-32.3385
-27.2018
-22.3163
-15.1621
-7.30954
0.159074
7.26255
14.0187
18.3007
24.5172
30.4298
36.0534
41.402
46.4891
50.9746
55.5937
59.987
64.1655
68.1397
72.2815
75.8589
79.2614
82.4976
85.5755
88.503
91.6402
94.2712
96.7736
99.1536
101.417
102.845
101.372
99.9718
98.2762
93.4715
88.9017
82.0477
74.4808
67.2838
60.4387
53.9282
47.736
41.8466
36.2451
30.5556
25.5062
20.7035
16.1357
11.7912
7.65912
2.64358
-4.59692
-11.4834
-18.0333
-24.2629
-29.4625
-34.0853
-39.5301
-44.7087
-49.6342
-54.3188
-58.4144
-62.6698
-66.7171
-70.5666
-74.2279
-77.7101
-81.0221
-84.1722
-87.1683
-90.0179
-92.7282
-95.306
-97.7578
-100.09
-102.308
-104.417
-106.423
-105.824
-104.206
-102.667
-101.203
-99.8109
-97.7614
-92.9818
-87.3505
-79.5243
-72.0808
-65.0011
-58.2676
-51.8633
-45.4084
-36.0772
-27.2021
-18.7609
-10.7325
-4.18196
1.37822
8.42209
15.1216
21.4935
27.554
32.9545
38.107
43.3552
48.3468
53.0944
57.6099
61.5482
65.6504
69.552
73.2628
76.7923
80.1492
83.6895
86.7092
89.5813
92.3129
94.911
97.7385
100.071
102.29
104.4
106.408
108.317
106.577
104.922
103.348
99.696
94.8218
88.3859
80.5091
73.0174
65.892
59.1149
52.6691
46.5385
40.7076
31.9538
25.435
20.6359
16.0714
11.73
7.60093
0.118068
-6.99896
-13.768
-20.2062
-26.3295
-30.3892
-36.0147
-41.3652
-46.4541
-51.2943
-55.8977
-59.9286
-64.1099
-68.0868
-71.8693
-75.4669
-78.8886
-82.143
-85.2383
-88.1823
-90.9823
-93.6454
-96.1784
-98.5875
-100.879
-103.058
-105.131
-105.659
-104.049
-102.517
-101.061
-99.6756
-98.3581
-93.897
-88.9428
-81.0387
-73.5211
-66.3711
-59.5706
-53.1026
-46.9508
-37.8917
-28.9279
-20.4024
-12.2936
-4.94499
-0.0621442
7.05215
13.8186
20.2543
26.3753
32.1971
37.0338
42.3345
47.376
52.171
56.7317
60.7093
64.8525
68.7931
72.5411
76.1058
79.4963
83.072
86.1219
89.0227
91.7816
94.4057
97.2615
99.6176
101.859
103.99
106.017
107.945
106.92
105.249
103.659
102.147
100.708
98.2548
93.4511
86.0236
78.2623
70.8804
63.8595
57.1818
50.8305
42.2822
33.1038
24.3741
16.0712
8.17421
3.52201
-3.41384
-10.3582
-16.963
-23.245
-29.2198
-33.1203
-38.6123
-43.8358
-48.804
-53.5292
-58.0234
-61.5975
-65.6972
-69.5966
-73.3053
-76.8326
-80.1875
-83.3784
-86.4133
-89.2998
-92.0452
-94.6564
-97.1399
-99.502
-101.749
-103.885
-105.918
-107.851
-109.689
-111.438
-113.101
-114.683
-112.631
-108.173
-102.884
-97.8543
-93.0702
-88.52
-83.4668
-75.8305
-68.5676
-61.6597
-55.0895
-49.8886
-43.8939
-38.1923
-32.7695
-27.6118
-22.7062
-15.1818
-7.3283
0.141237
7.24559
14.0026
18.6471
24.8467
30.7432
36.3515
41.6855
46.7587
51.2329
55.8394
60.2206
64.3877
68.3511
72.4806
76.0483
79.4416
82.669
85.7385
88.658
91.7859
94.4098
96.9053
99.2789
101.536
102.598
101.138
99.7487
97.7022
92.9256
88.3824
81.2028
73.6771
66.5194
59.7117
53.2368
45.9929
36.6331
27.7309
19.9893
15.4564
11.1451
7.0446
3.14456
-0.564803
-6.24754
-13.0534
-18.441

